224 angular :
The training loss are  [0.7533323764801025, 0.616217315196991, 0.5033155679702759, 0.4149992763996124, 0.3469865620136261, 0.29535040259361267, 0.24457140266895294, 0.20874062180519104, 0.18267640471458435, 0.16285961866378784, 0.1479683667421341, 0.13606566190719604, 0.12622526288032532, 0.11831261217594147, 0.11162534356117249, 0.10599932819604874, 0.10125432908535004, 0.0970635786652565, 0.09344149380922318, 0.09029486775398254, 0.08735354244709015, 0.08486223220825195, 0.08238563686609268, 0.08033722639083862, 0.0783364400267601, 0.07645828276872635, 0.07475920021533966, 0.07324269413948059, 0.07171612977981567, 0.07027310878038406, 0.06889158487319946, 0.06774736940860748, 0.06639663875102997, 0.0653073862195015, 0.06420683115720749, 0.06312160938978195, 0.062216635793447495, 0.06124505028128624, 0.06024736538529396, 0.05933243781328201]
The validation loss are  [0.7516002655029297, 0.7425578236579895, 0.7359158992767334, 0.7284753322601318, 0.723122775554657, 0.7246391177177429, 0.7104090452194214, 0.7040669322013855, 0.7014435529708862, 0.6955649852752686, 0.6911734342575073, 0.6902430057525635, 0.6841262578964233, 0.6846068501472473, 0.6822823882102966, 0.6865636706352234, 0.679516077041626, 0.6825966238975525, 0.682185173034668, 0.678358256816864, 0.6792864203453064, 0.6822760105133057, 0.6789690256118774, 0.6811243891716003, 0.678013265132904, 0.6814231872558594, 0.67780601978302, 0.6789681911468506, 0.6805939078330994, 0.6846915483474731, 0.6773316264152527, 0.6792020201683044, 0.6772807836532593, 0.679705023765564, 0.67950040102005, 0.6777127981185913, 0.6764143109321594, 0.6798664927482605, 0.6773743033409119, 0.6811743378639221]

224 squared-L2 :
The training loss are  [0.5600529909133911, 0.3679966926574707, 0.2320842444896698, 0.14053118228912354, 0.08169837296009064, 0.04568644240498543, 0.019632862880825996, 0.008456151932477951, 0.004528982099145651, 0.0032524338457733393, 0.002288036746904254, 0.0017488650046288967, 0.0013791406527161598, 0.00109152402728796, 0.0008740697521716356, 0.0007163804257288575, 0.0006244161049835384, 0.00044662412256002426, 0.00040481792530044913]
The validation loss are  [0.6062561273574829, 0.6020892262458801, 0.5960448980331421, 0.5747434496879578, 0.5518261790275574, 0.5518090724945068, 0.5495620369911194, 0.543364405632019, 0.5510340332984924, 0.5436221957206726, 0.5479596853256226, 0.5410029888153076, 0.5326957106590271, 0.5295799374580383, 0.5406311750411987, 0.5331965684890747, 0.5339273810386658, 0.5342496037483215, 0.54246586561203]

240 angular :
The training loss are  [0.745755136013031, 0.5885095596313477, 0.46570929884910583, 0.3748292028903961, 0.3086998164653778, 0.25886380672454834, 0.21072110533714294, 0.17661067843437195, 0.1520431935787201, 0.13381049036979675, 0.11985491961240768, 0.10931387543678284, 0.10033861547708511, 0.09323856979608536, 0.08724279701709747, 0.08223087340593338, 0.07816316932439804, 0.0745997279882431, 0.07139930874109268, 0.06862308084964752, 0.0662735253572464, 0.06421799212694168, 0.06225897744297981, 0.06045467033982277, 0.05890413373708725, 0.05740900710225105, 0.05606082081794739, 0.054745208472013474, 0.053651466965675354, 0.052552372217178345, 0.051475293934345245, 0.05051485076546669, 0.0496726892888546, 0.04867304116487503, 0.04793225973844528]
The validation loss are  [0.7562809586524963, 0.7373397350311279, 0.7330681085586548, 0.7233341932296753, 0.7124975323677063, 0.7100401520729065, 0.703248918056488, 0.6958388090133667, 0.6963871121406555, 0.6896218657493591, 0.6877114176750183, 0.6853422522544861, 0.6841885447502136, 0.682630181312561, 0.6817665696144104, 0.6802276968955994, 0.6770764589309692, 0.6756764054298401, 0.6733826994895935, 0.6729038953781128, 0.6727510094642639, 0.6728731393814087, 0.6728886365890503, 0.6724258661270142, 0.6706947088241577, 0.6703424453735352, 0.6714369654655457, 0.6707457304000854, 0.6681180596351624, 0.6673607230186462, 0.6691425442695618, 0.6684673428535461, 0.6705710291862488, 0.6693169474601746, 0.6679983735084534]

240 squared-L2 :
The training loss are  [0.5466892719268799, 0.33186307549476624, 0.19293351471424103, 0.107722707092762, 0.057795450091362, 0.030656488612294197, 0.011956699192523956, 0.005768476985394955, 0.003847421845421195, 0.00279695400968194, 0.002202698029577732, 0.0017309520626440644, 0.0013300738064572215, 0.0011142970761284232]
The validation loss are  [0.6117388010025024, 0.6046094298362732, 0.5909451842308044, 0.5762243866920471, 0.567272424697876, 0.5666178464889526, 0.5591566562652588, 0.5452643632888794, 0.5428492426872253, 0.5443574786186218, 0.551514208316803, 0.552862823009491, 0.5576515793800354, 0.5504110455513]

260 angular :
The training loss are  [0.734115481376648, 0.5746328830718994, 0.4501728117465973, 0.3594455420970917, 0.29385295510292053, 0.24612808227539062, 0.1983809620141983, 0.16538245975971222, 0.14148341119289398, 0.12381897121667862, 0.11064507812261581, 0.09985503554344177, 0.09156868606805801, 0.08492255955934525, 0.07942016422748566, 0.0747765451669693, 0.07087275385856628, 0.06755147874355316, 0.06479174643754959, 0.06241220608353615, 0.060192618519067764, 0.05816737562417984, 0.056412193924188614, 0.05473494902253151, 0.05332353711128235]
The validation loss are  [0.7550889253616333, 0.7420349717140198, 0.727852463722229, 0.7176302075386047, 0.7058559060096741, 0.6941335797309875, 0.692604124546051, 0.685200035572052, 0.6751624345779419, 0.6698323488235474, 0.6686676740646362, 0.6661306023597717, 0.6669989228248596, 0.6624707579612732, 0.6637328267097473, 0.6656242609024048, 0.6624018549919128, 0.6647669672966003, 0.6632546782493591, 0.6614274978637695, 0.6614534258842468, 0.6664896011352539, 0.6640674471855164, 0.6619802117347717, 0.6624811887741089]

260 squared-L2 :
The training loss are  [0.525908887386322, 0.3072664141654968, 0.17195214331150055, 0.09142868965864182, 0.047040343284606934, 0.025209631770849228, 0.009720697067677975, 0.005348227918148041, 0.0033657264430075884, 0.002564870286732912, 0.0020704553462564945, 0.0016049122205004096, 0.001178742735646665, 0.0009945835918188095, 0.0009710393496789038, 0.0007682810537517071, 0.0005491535412147641, 0.00048456733929924667]
The validation loss are  [0.5995836853981018, 0.5825278162956238, 0.5713950991630554, 0.5597448945045471, 0.5459855794906616, 0.537753164768219, 0.5298300981521606, 0.5394077897071838, 0.5194512605667114, 0.5103280544281006, 0.5236697793006897, 0.5080977082252502, 0.49604642391204834, 0.5053669810295105, 0.5106805562973022, 0.5117114782333374, 0.5089572668075562, 0.5154579281806946]

300 angular :
The training loss are  [0.7164130806922913, 0.5407488346099854, 0.41078779101371765, 0.3212392330169678, 0.2595246434211731, 0.21674367785453796, 0.17327071726322174, 0.14263267815113068, 0.12141227722167969, 0.1056533083319664, 0.09379086643457413, 0.08487272262573242, 0.07741055637598038, 0.07167929410934448, 0.06681407243013382]
The validation loss are  [0.7359445691108704, 0.7213624119758606, 0.7087169885635376, 0.6963964104652405, 0.687152087688446, 0.6751372814178467, 0.6578748822212219, 0.656183123588562, 0.6499946713447571, 0.6493157744407654, 0.6584168076515198, 0.6494825482368469, 0.6562719345092773, 0.652649462223053, 0.6495991945266724]

